k1 = 30;
k2 = 1;
k3 = 0.5;
k4 = 0.001;